1744315058.76414
1744315063.13146
1744315063.63327
1744315064.03174
1744315064.33131
1744315064.63095
1744315065.03271
1744315065.53131
1744315065.83159
1744315066.33232
1744315066.63254
1744315066.93113
1744315067.23379
1744315068.63009
1744315069.33025
1744315069.73296
1744315070.13262
1744315070.73108
1744315071.13238
1744315071.53186
1744315072.03112
1744315072.73255
1744315073.33186
1744315073.83252
1744315074.23263
1744315074.63137
1744315075.03223
1744315075.43194
1744315075.73024
1744315076.13113
1744315076.5321
1744315076.93185
1744315077.23131
1744315077.5323
1744315077.9315
1744315078.23166
1744315078.6311
1744315079.03232
1744315079.33224
1744315079.7319
1744315080.13282
1744315080.43266
1744315080.73089
1744315081.13268
1744315081.43171
1744315081.83166
1744315082.23245
1744315082.5321
1744315082.8316
1744315083.23255
1744315083.53297
1744315083.83135
1744315084.23056
1744315084.53202
1744315084.93154
1744315085.23221
1744315085.63279
1744315085.93186
1744315086.23056
1744315086.5314
1744315086.93283
1744315087.23221
1744315087.53144
1744315087.93283
1744315088.33218
1744315088.53126
1744315088.9324
1744315089.33245
1744315089.7318
1744315090.03209
1744315090.4327
1744315090.83237
1744315091.23111
1744315091.53282
1744315091.83208
1744315092.23155
1744315092.63258
1744315093.03179
1744315093.53168
1744315093.93244
1744315094.3326
1744315094.63155
1744315095.03201
1744315095.43275
1744315095.83121
1744315096.23145
1744315096.63302
1744315097.03199
1744315097.4299
1744315097.83234
1744315098.23221
1744315098.73232
1744315099.23245
1744315099.83151
1744315100.33271
1744315100.93169
1744315101.53246
1744315101.9311
1744315102.53282
1744315103.03126
1744315103.53297
1744315103.93167
1744315104.43125
1744315104.83239
1744315105.33124
1744315105.73281
1744315106.03264
1744315106.5313
1744315107.03295
1744315107.43176
1744315107.93187
1744315108.33274
1744315108.83147
1744315109.23316
1744315109.63196
1744315110.13132
1744315110.6323
1744315111.1324
1744315111.73262
1744315112.03119
1744315112.53234
1744315112.93269
1744315113.53196
1744315114.03297
1744315114.53067
1744315115.03254
1744315115.43166
1744315115.9329
1744315116.43154
1744315116.93149
1744315117.43241
1744315117.73122
1744315118.43269
1744315118.93094
1744315119.53396
1744315120.02868
1744315120.43076
1744315120.83182
1744315121.43233
1744315121.93284
1744315122.33027
1744315122.83264
1744315123.33183
1744315123.7331
1744315124.23196
1744315124.7318
1744315125.13293
1744315125.53161
1744315125.93186
1744315126.33263
1744315126.73219
1744315127.13289
1744315127.53245
1744315128.0311
1744315128.43303
1744315128.93101
1744315129.43253
1744315129.83242
1744315130.33162
1744315130.63286
1744315131.13184
1744315131.53191
1744315132.13233
1744315132.53234
1744315132.83327
1744315133.33096
1744315133.73143
1744315134.1326
1744315134.53136
1744315134.93303
1744315135.33259
1744315135.73086
1744315136.13144
1744315136.63178
1744315137.0322
1744315137.53325
1744315138.13093
1744315138.83189
1744315139.53292
1744315140.2317
1744315140.93252
1744315141.63286
1744315142.33084
1744315142.83189
1744315143.43171
1744315143.93337
1744315144.3321
1744315144.83052
1744315145.13249
1744315145.5319
1744315146.03237
1744315146.53291
1744315147.03052
1744315147.43221
1744315147.83211
1744315148.33261
1744315148.73256
1744315149.23051
1744315149.63229
1744315150.0322
1744315150.53275
1744315151.03198
1744315151.53082
1744315152.03271
1744315152.43132
1744315152.83283
1744315153.33191
1744315153.93239
1744315154.33255
1744315154.73104
1744315155.13292
1744315155.53223
1744315155.93193
1744315156.43263
1744315156.93113
1744315157.43095
1744315158.43046
1744315158.83363
1744315159.33091
1744315159.83216
1744315160.43178
1744315160.93279
1744315161.33237
1744315161.83155
1744315162.33305
1744315162.73212
1744315163.23283
1744315163.63243
1744315164.03273
1744315164.53277
1744315164.93135
1744315165.33245
1744315165.73237
1744315166.23209
1744315166.633
1744315167.13135
1744315167.73198
1744315168.13133
1744315168.53254
1744315169.03194
1744315169.33266
1744315169.83322
1744315170.23033
1744315170.53254
1744315170.93271
1744315171.53173
1744315171.93223
1744315172.3326
1744315172.73291
1744315173.13142
1744315173.7306
1744315174.33247
1744315175.03187
1744315175.63329
1744315176.23077
1744315176.93299
1744315177.33076
1744315177.83291
1744315178.33245
1744315178.83219
1744315179.13297
1744315179.53168
1744315180.03154
1744315180.53194
1744315181.03122
1744315181.23288
1744315181.93198
1744315182.73319
1744315183.63232
1744315184.03307
1744315184.63119
1744315185.23254
1744315185.73165
1744315186.23241
1744315186.83164
1744315187.33223
1744315187.83299
1744315188.43303
1744315189.13171
1744315189.83294
1744315190.43176
1744315191.13318
1744315191.8313
1744315192.53221
1744315193.23366
1744315194.12772
1744315195.13161
1744315195.93249
1744315196.93263
1744315197.73175
1744315198.53039
1744315199.53141
1744315200.33263
1744315201.13216
1744315201.73211
1744315202.43248
1744315203.03181
1744315203.63325
1744315204.33155
1744315205.13134
1744315205.83261
1744315206.33284
1744315206.93241
1744315207.53078
1744315208.2321
1744315208.83176
1744315209.43352
1744315210.13119
1744315210.6335
1744315211.23025
1744315211.93299
1744315212.43159
1744315213.13117
1744315213.8331
1744315214.43192
1744315215.03366
1744315215.7318
1744315216.33302
1744315216.8323
1744315217.53098
1744315218.1307
1744315218.83305
1744315219.73411
1744315220.53169
1744315221.13221
1744315221.73221
1744315222.43076
1744315223.03292
1744315223.73145
1744315224.43321
1744315225.03071
1744315225.63317
1744315226.13218
1744315226.73401
1744315227.33084
1744315228.13231
1744315228.73178
1744315229.3331
1744315230.03108
1744315230.53341
1744315231.23102
1744315232.03278
1744315232.73334
1744315233.43028
1744315234.13303
1744315234.63185
1744315235.33344
1744315236.029
1744315236.73205
1744315237.33259
1744315237.83232
1744315238.53109
1744315239.13277
1744315239.83085
1744315240.53231
1744315241.13048
1744315241.73361
1744315242.23047
1744315242.83256
1744315243.33302
1744315244.13337
1744315244.7317
1744315245.33323
1744315245.83228
1744315246.33155
1744315247.03317
1744315247.63067
1744315248.23197
1744315248.8322
1744315249.4338
1744315250.13117
1744315250.83323
1744315251.43264
1744315252.03319
1744315252.53123
1744315253.03312
1744315253.63218
1744315254.23156
1744315254.92949
1744315255.53169
1744315256.13238
1744315256.733
1744315257.23328
1744315257.9322
1744315258.53249
1744315259.33354
1744315260.13051
1744315261.23131
1744315262.13262
1744315262.9312
1744315263.93117
1744315265.1319
1744315266.03218
1744315266.73232
1744315267.7303
1744315268.53324
1744315269.33396
1744315270.2284
1744315271.03164
1744315272.03221
1744315273.03296
1744315273.73177
1744315274.63272
1744315275.33414
1744315275.83158
1744315276.63304
1744315277.43302
1744315278.23227
1744315278.83043
1744315279.63323
1744315280.53332
1744315281.43274
1744315282.03313
1744315282.83263
1744315283.43302
1744315284.23377
1744315284.93036
1744315285.534
1744315286.23036
1744315286.83232
1744315287.43261
1744315288.0313
1744315288.73201
1744315289.43341
1744315290.13229
1744315290.83308
1744315291.43372
1744315292.13039
1744315292.73346
1744315293.43199
1744315294.13456
1744315294.73024
1744315295.43314
1744315296.03278
1744315296.53357
1744315297.23055
1744315297.732
1744315298.23173
1744315298.83368
1744315299.33077
1744315299.83375
1744315300.33123
1744315300.73111
1744315301.23316
1744315301.73157
1744315302.13318
1744315302.63237
1744315303.03176
1744315303.43365
1744315303.93025
1744315304.53349
1744315304.93386
1744315305.43169
1744315305.83265
1744315306.23294
1744315306.53276
1744315307.03313
1744315307.43265
1744315307.83086
1744315308.23256
1744315308.63246
1744315309.03237
1744315309.33342
1744315309.73297
1744315310.1322
1744315310.43325
1744315310.73405
1744315311.13115
1744315311.43125
1744315311.73244
1744315312.03222
1744315312.33225
1744315312.63219
1744315312.93315
1744315313.23318
1744315313.53203
1744315313.83262
1744315314.23303
1744315314.53319
1744315314.83232
1744315315.03365
1744315315.33367
1744315315.63286
1744315315.93154
1744315316.13299
1744315316.43308
1744315316.63309
1744315317.03248
1744315317.23285
1744315317.53309
1744315317.83224
1744315318.03224
1744315318.3324
1744315318.53321
1744315318.83323
1744315319.13303
1744315319.4321
1744315319.6325
1744315319.93313
1744315320.13345
1744315320.53179
1744315320.73266
1744315321.03331
1744315321.33255
1744315321.53309
1744315321.832
1744315322.03314
1744315322.33292
1744315322.63243
1744315323.03226
1744315323.33357
1744315323.63314
1744315324.03247
1744315324.43259
1744315324.73312
1744315325.13319
1744315325.33133
1744315325.63266
1744315325.93291
1744315326.23235
1744315326.63168
1744315326.9333
1744315327.23403
1744315327.53203
1744315327.83074
1744315328.23265
1744315328.53343
1744315328.83213
1744315329.23268
1744315329.63346
1744315330.03169
1744315330.43319
1744315330.93322
1744315331.43199
1744315331.93347
1744315332.43229
1744315332.93285
1744315333.33218
1744315333.93382
1744315334.43134
1744315334.93085
1744315335.43267
1744315335.83226
1744315336.23286
1744315336.53303
1744315337.03226
1744315337.53351
1744315337.93291
1744315338.43175
1744315338.93364
1744315339.53108
1744315339.93249
1744315340.33273
1744315340.83171
1744315341.3335
1744315341.93228
1744315342.93169
1744315343.23232
1744315344.33162
1744315345.03305
1744315345.63265
1744315346.23299
1744315347.03302
1744315347.93331
1744315348.73323
1744315349.73276
1744315350.23368
1744315351.0311
1744315351.63264
1744315352.53294
1744315353.13272
1744315353.83211
1744315354.53151
1744315355.23373
1744315355.83179
1744315356.43271
1744315356.93266
1744315357.4345
1744315357.93088
1744315358.5323
1744315359.03241
1744315359.43237
1744315360.03332
1744315360.53283
1744315361.13342
1744315361.63267
1744315362.13331
1744315362.53308
1744315363.1318
1744315363.53298
1744315364.03202
1744315364.5331
1744315364.9337
1744315365.33215
1744315365.73299
1744315366.13325
1744315366.43194
1744315366.83242
1744315367.23376
1744315367.63203
1744315368.03304
1744315368.33319
1744315368.73258
1744315369.13237
1744315369.63418
1744315370.13093
1744315370.53219
1744315370.9338
1744315371.63166
1744315372.23409
1744315372.93094
1744315373.53407
1744315374.33034
1744315375.03502
1744315376.33189
1744315378.33306
