1604559016.00432
1604559017.11437
1604559017.80424
1604559018.4043
1604559018.90413
1604559019.60418
1604559020.10408
1604559020.70398
1604559021.30425
1604559022.0042
1604559022.50456
1604559022.80443
1604559023.10414
1604559023.60446
1604559024.00461
1604559024.30429
1604559024.90455
1604559025.3046
1604559025.6044
1604559026.00463
1604559026.40432
1604559026.60449
1604559027.0044
1604559027.20402
1604559027.40435
1604559027.60435
1604559027.80437
1604559028.0044
1604559028.2045
1604559028.40427
1604559028.60438
1604559029.00449
1604559029.20407
1604559029.60454
1604559029.80426
1604559030.00455
1604559030.20416
1604559030.40444
1604559030.60395
1604559030.80434
1604559031.00426
1604559031.20417
1604559031.6043
1604559032.00424
1604559032.40425
1604559032.80416
1604559033.20466
1604559033.60454
1604559034.0044
1604559034.40427
1604559034.60418
1604559035.00413
1604559035.20403
1604559035.61427
1604559035.80441
1604559036.20408
1604559036.60408
1604559037.00449
1604559037.41409
1604559037.80443
1604559038.21453
1604559038.60406
1604559039.00405
1604559039.40418
1604559039.80434
1604559040.20409
1604559040.60427
1604559041.00455
1604559041.40428
1604559041.80459
1604559042.40413
1604559042.8043
1604559043.20404
1604559043.60428
1604559044.00418
1604559044.4047
1604559044.80446
1604559045.21405
1604559045.60419
1604559046.01429
1604559046.40405
1604559046.80442
1604559047.2044
1604559047.6041
1604559048.00452
1604559048.40444
1604559048.8045
1604559049.20433
1604559049.6044
1604559050.00436
1604559050.40469
1604559050.80472
1604559051.20463
1604559051.60456
1604559052.00461
1604559052.40456
1604559052.80467
1604559053.20435
1604559053.60446
1604559054.00406
1604559054.41426
1604559054.81435
1604559055.20421
1604559055.60416
1604559056.00435
1604559056.50463
1604559056.9044
1604559057.30467
1604559057.70451
1604559058.00459
1604559058.40418
1604559058.80454
1604559059.20435
1604559059.40452
1604559059.60429
1604559059.80426
1604559060.00434
1604559060.20427
1604559060.40424
1604559060.60433
1604559060.80458
1604559061.00454
1604559061.20469
1604559061.40425
1604559061.60407
1604559061.81455
1604559062.0049
1604559062.20436
1604559062.40434
1604559062.6046
1604559062.80454
1604559063.00416
1604559063.40444
1604559063.60441
1604559063.80463
1604559064.20449
1604559064.60443
1604559064.80472
1604559065.20454
1604559065.60457
1604559066.00462
1604559066.4045
1604559066.80495
1604559067.20418
1604559067.71452
1604559068.10426
1604559068.51423
1604559068.90425
1604559069.30479
1604559069.70486
1604559070.10462
1604559070.51459
1604559070.90492
1604559071.30485
1604559071.70498
1604559072.10461
1604559072.50472
1604559072.90429
1604559073.30447
1604559073.70432
1604559074.10464
1604559074.5042
1604559074.90452
1604559075.30418
1604559075.70461
1604559076.10464
1604559076.50429
1604559076.90459
1604559077.30452
1604559077.50452
1604559077.7045
1604559078.10459
1604559078.50459
1604559078.90461
1604559079.40463
1604559079.60452
1604559079.80431
1604559080.00433
1604559080.21435
1604559080.40563
1604559080.60451
1604559080.80422
1604559081.01463
1604559081.20443
1604559081.40456
1604559081.60434
1604559081.80466
1604559082.00465
1604559082.20469
1604559082.40452
1604559082.60451
1604559082.80437
1604559083.00446
1604559083.20427
1604559083.40454
1604559083.60453
1604559083.8045
1604559084.00437
1604559084.20441
1604559084.41455
1604559084.60453
1604559085.10456
1604559085.30458
1604559085.50443
1604559085.70447
1604559085.90427
1604559086.10439
1604559086.30445
1604559086.5046
1604559086.70463
1604559086.90454
1604559087.10454
1604559087.30434
1604559087.50434
1604559087.70468
1604559087.90449
1604559088.10476
1604559088.30439
1604559088.50448
1604559089.00459
1604559089.20467
1604559089.50432
1604559089.71467
1604559089.90459
1604559090.1047
1604559090.3046
1604559090.51459
1604559090.70438
1604559090.91454
1604559091.10456
1604559091.30445
1604559091.80465
1604559092.00477
1604559092.20441
1604559092.40441
1604559092.60453
1604559092.80431
1604559093.01455
1604559093.20443
1604559093.40456
1604559093.60469
1604559093.80469
1604559094.00466
1604559094.2043
1604559094.40452
1604559094.60454
1604559094.80448
1604559095.00456
1604559095.20474
1604559095.40474
1604559095.61444
1604559095.80468
1604559096.00471
1604559096.20467
1604559096.40469
1604559096.60425
1604559096.80453
1604559097.00463
1604559097.20475
1604559097.40452
1604559097.60443
1604559097.80463
1604559098.0043
1604559098.20463
1604559098.40436
1604559098.60475
1604559098.80431
1604559099.00477
1604559099.20477
1604559099.4044
1604559099.60533
1604559099.80478
1604559100.00458
1604559100.20441
1604559100.40463
1604559100.6044
1604559100.80433
1604559101.00451
1604559101.20467
1604559101.40468
1604559101.60466
1604559101.80477
1604559102.01437
1604559102.20467
1604559102.40468
1604559102.60467
1604559102.80437
1604559103.00465
1604559103.21442
1604559103.40446
1604559103.60469
1604559103.80469
1604559104.00475
1604559104.20485
1604559104.40487
1604559104.60435
1604559104.80456
1604559105.00432
1604559105.20472
1604559105.40438
1604559105.60437
1604559105.80454
1604559106.00473
1604559106.20493
1604559106.40507
1604559106.605
1604559106.80484
1604559107.00487
1604559107.20444
1604559107.4048
1604559107.60483
1604559107.90484
1604559108.10472
1604559108.31435
1604559108.50471
1604559108.70463
1604559108.90471
1604559109.10471
1604559109.30448
1604559109.50446
1604559109.70476
1604559109.90454
1604559110.11485
1604559110.3048
1604559110.50481
1604559110.70497
1604559110.9049
1604559111.10473
1604559111.30458
1604559111.50472
1604559111.70451
1604559111.90471
1604559112.10476
1604559112.3052
1604559112.50486
1604559112.70509
1604559112.90511
1604559113.10523
1604559113.31504
1604559113.5052
1604559113.70471
1604559113.90471
1604559114.10474
1604559114.30454
1604559114.50436
1604559114.70475
1604559114.91472
1604559115.10466
1604559115.5048
1604559115.90526
1604559116.30528
1604559116.70511
1604559117.10488
1604559117.50496
1604559117.90483
1604559118.50479
1604559119.30448
1604559120.1046
1604559120.70542
1604559121.10457
1604559121.50483
1604559121.905
1604559122.30467
1604559122.80469
1604559123.20479
1604559123.80502
1604559124.30493
1604559124.90489
1604559125.4048
1604559125.90479
1604559126.40468
1604559127.00492
1604559127.50472
1604559127.80477
1604559128.10468
1604559128.60543
1604559128.90498
1604559129.30509
1604559129.60514
1604559129.90515
1604559130.20464
1604559130.50464
1604559130.70469
1604559131.00481
1604559131.40474
1604559131.71454
1604559132.0049
1604559132.30475
1604559132.60446
1604559132.90466
1604559133.30511
1604559133.60502
1604559133.90505
1604559134.20516
1604559134.6049
1604559134.9051
1604559135.20497
1604559135.50513
1604559135.80533
1604559136.1051
1604559136.6059
1604559137.00515
1604559137.60492
1604559138.10491
1604559138.40505
1604559138.70475
1604559139.10503
1604559139.40477
1604559139.70463
1604559139.90462
1604559140.2052
1604559140.50526
1604559140.80536
1604559141.10498
1604559141.40529
1604559141.7052
1604559142.00535
1604559142.30506
1604559142.5051
1604559142.80495
1604559143.20487
1604559143.50459
1604559143.80484
1604559144.10449
1604559144.40546
1604559144.70498
1604559145.00535
1604559145.30466
1604559145.60495
1604559145.90492
1604559146.20489
1604559146.50474
1604559146.80483
1604559147.10475
1604559147.40492
1604559147.71481
1604559148.00447
1604559148.20451
1604559148.5045
1604559148.8045
1604559149.00475
1604559149.30476
1604559149.60452
1604559149.80495
1604559150.10492
1604559150.40468
1604559150.60504
1604559150.90471
1604559151.10509
1604559151.30495
1604559151.50477
1604559151.70459
1604559151.90492
1604559152.20481
1604559152.40467
1604559152.70503
1604559153.00506
1604559153.30487
1604559153.50458
1604559153.80499
1604559154.10626
1604559154.40507
1604559154.60494
1604559154.90503
1604559155.10531
1604559155.4049
1604559155.71465
1604559156.00506
1604559156.20475
1604559156.50464
1604559156.80454
1604559157.10456
1604559157.40461
1604559157.70496
1604559158.00498
1604559158.3049
1604559158.60501
1604559158.90482
1604559159.20503
1604559159.50469
1604559159.80467
1604559160.10454
1604559160.40487
1604559160.70491
1604559161.20633
1604559161.40521
1604559161.70548
1604559161.90497
1604559162.10495
1604559162.40547
1604559162.7051
1604559162.90508
1604559163.2051
1604559163.40456
1604559163.70489
1604559163.90481
1604559164.2055
1604559164.40525
1604559164.60512
1604559164.80551
1604559165.10488
1604559165.40467
1604559165.60486
1604559165.90489
1604559166.10476
1604559166.30539
1604559166.50509
1604559166.80506
1604559167.00544
1604559167.20469
1604559167.50464
1604559167.70488
1604559168.00486
1604559168.20526
1604559168.50521
1604559168.70534
1604559168.90561
1604559169.10551
1604559169.40463
1604559169.60499
1604559169.80493
1604559170.10479
1604559170.30511
1604559170.50511
1604559170.70512
1604559170.90515
1604559171.20482
1604559171.40492
1604559171.70493
1604559171.90462
1604559172.10473
1604559172.31493
1604559172.60574
1604559172.9047
1604559173.10508
1604559173.30498
1604559173.50501
1604559173.70508
1604559173.90467
1604559174.20486
1604559174.40489
1604559174.60515
1604559174.81484
1604559175.10469
1604559175.4051
1604559175.70556
1604559175.90523
1604559176.10544
1604559176.40485
1604559176.60499
1604559176.80501
1604559177.10486
1604559177.40521
1604559177.60523
1604559177.90519
1604559178.20472
1604559178.40514
1604559178.60507
1604559178.90466
1604559179.20492
1604559179.50488
1604559179.80482
1604559180.10508
1604559180.30485
1604559180.60465
1604559180.80502
1604559181.10504
1604559181.30559
1604559181.50522
1604559181.80509
1604559182.10564
1604559182.3052
1604559182.60518
1604559182.90543
1604559183.20468
1604559183.4047
1604559183.80489
1604559184.10501
1604559184.40471
1604559184.70512
1604559184.90503
1604559185.20559
1604559185.50529
1604559185.8054
1604559186.10559
1604559186.40544
1604559186.70519
1604559187.00624
1604559187.40472
1604559187.70499
1604559187.90494
1604559188.20552
1604559188.50567
1604559188.80548
1604559189.20525
1604559189.40537
1604559189.70534
1604559190.00663
1604559190.30482
1604559190.60519
1604559190.80469
1604559191.10511
1604559191.40548
1604559191.60533
1604559191.90533
1604559192.20474
1604559192.50499
1604559192.80516
1604559193.10483
1604559193.40491
1604559193.70517
1604559194.00486
1604559194.30542
1604559194.60521
1604559194.90529
1604559195.10553
1604559195.40539
1604559195.70552
1604559196.00545
1604559196.30523
1604559196.60554
1604559196.90533
1604559197.10487
1604559197.40544
1604559197.70513
1604559197.90559
1604559198.20527
1604559198.50501
1604559198.70487
1604559198.90509
1604559199.20528
1604559199.40525
1604559199.70553
1604559199.9053
1604559200.10527
1604559200.40557
1604559200.70548
1604559200.90549
1604559201.1049
1604559201.40518
1604559201.60558
1604559201.80559
1604559202.11518
1604559202.30487
1604559202.50487
1604559202.80512
1604559203.10494
1604559203.40519
1604559203.61504
1604559203.90507
1604559204.20487
1604559204.50487
1604559204.70499
1604559205.00504
1604559205.30493
1604559205.505
1604559205.80506
1604559206.10486
1604559206.30524
1604559206.60533
1604559206.90532
1604559207.1048
1604559207.40482
1604559207.80522
1604559208.00522
1604559208.30518
1604559208.60503
1604559208.90495
1604559209.10491
1604559209.30565
1604559209.70523
1604559209.90552
1604559210.21522
1604559210.50475
1604559210.80482
1604559211.00514
1604559211.30489
1604559211.60522
1604559211.80502
1604559212.00482
1604559212.30555
1604559212.60564
1604559212.80522
1604559213.10555
1604559213.4154
1604559213.60569
1604559213.90541
1604559214.10559
1604559214.40558
1604559214.60558
1604559214.90538
1604559215.10529
1604559215.40511
1604559215.60508
1604559215.90482
1604559216.10493
1604559216.30521
1604559216.60531
1604559216.80504
1604559217.00493
1604559217.30505
1604559217.50523
1604559217.80534
1604559218.00494
1604559218.20514
1604559218.50493
1604559218.80477
1604559219.00483
1604559219.30484
1604559219.60513
1604559219.80486
1604559220.10536
1604559220.40513
1604559220.61495
1604559220.9051
1604559221.20501
1604559221.50511
1604559221.80503
1604559222.00505
1604559222.30557
1604559222.60575
1604559222.90649
1604559223.20555
1604559223.5057
1604559223.80548
1604559224.10585
1604559224.40592
1604559224.70534
1604559225.00532
1604559225.31486
1604559225.60519
1604559225.90526
1604559226.20493
1604559226.50485
1604559226.80511
1604559227.10488
1604559227.40529
1604559227.70488
1604559228.00501
1604559228.30549
1604559228.70538
1604559229.10537
1604559229.50534
1604559229.80492
1604559230.10495
1604559230.40578
1604559230.70552
1604559231.0058
1604559231.20544
1604559231.80561
1604559232.20567
1604559232.50567
1604559233.00545
1604559233.3054
1604559233.70496
1604559234.10489
1604559234.40528
1604559234.80512
1604559235.20551
1604559235.40543
1604559235.60562
1604559235.90566
1604559236.10515
1604559236.30574
1604559236.50532
1604559236.70567
1604559236.90559
1604559237.10543
1604559237.30543
1604559237.50571
1604559237.70537
1604559237.90586
1604559238.10553
1604559238.3053
1604559238.50503
1604559238.70499
1604559239.00529
1604559239.20529
1604559239.40521
1604559239.60539
1604559239.80513
1604559240.00503
1604559240.2053
1604559240.40514
1604559240.60543
1604559240.80505
1604559241.1051
1604559241.3056
1604559241.50569
1604559241.70582
1604559241.90562
1604559242.2051
1604559242.50497
1604559242.70542
1604559242.91537
1604559243.10538
1604559243.30561
1604559243.50561
1604559243.70593
1604559243.90551
1604559244.10572
1604559244.30545
1604559244.60577
1604559244.80569
1604559245.51502
1604559245.80502
1604559246.00623
1604559246.20588
1604559246.50552
1604559246.70558
1604559246.90569
1604559247.10565
1604559247.30552
1604559247.60571
1604559247.80559
1604559248.0054
1604559248.20544
1604559248.40565
1604559248.60573
1604559248.90547
1604559249.10512
1604559249.40531
1604559249.60557
1604559249.8049
1604559250.00512
1604559250.20535
1604559250.40536
1604559250.60514
1604559250.90638
1604559251.20574
1604559251.50561
1604559251.80558
1604559252.10541
1604559252.30553
1604559252.60507
1604559252.90544
1604559253.10552
1604559253.40511
1604559253.605
1604559253.90514
1604559254.10502
1604559254.30536
1604559254.5051
1604559254.7051
1604559255.00545
1604559255.30533
1604559255.50515
1604559255.70532
1604559256.00516
1604559256.20537
1604559256.40557
1604559256.60554
1604559256.90527
1604559257.10559
1604559257.30512
1604559257.50513
1604559257.70501
1604559257.90501
1604559258.10524
1604559258.30527
1604559258.50513
1604559258.8052
1604559259.00545
1604559259.20519
1604559259.50511
1604559260.10532
1604559260.8051
1604559261.10544
1604559261.40511
1604559261.8052
1604559262.10512
1604559262.30537
1604559262.60517
1604559262.80537
1604559263.10523
1604559263.40521
1604559263.70527
1604559264.00544
1604559264.30562
1604559264.60529
1604559265.00517
1604559265.30599
1604559265.60587
1604559266.00594
1604559266.40508
1604559266.80548
1604559267.20529
1604559267.60526
1604559268.00548
1604559268.5052
1604559268.90554
1604559269.40598
1604559269.90592
1604559270.40515
1604559270.80562
1604559271.30537
1604559271.9051
1604559272.4056
1604559273.00505
1604559273.50527
1604559274.00531
1604559274.60523
1604559275.10537
1604559275.70544
1604559276.31558
1604559277.10546
1604559277.8051
1604559278.50537
1604559279.20527
1604559279.81508
1604559280.50567
1604559281.10553
1604559281.80593
1604559282.40529
1604559282.90537
1604559283.5059
1604559284.00589
1604559284.60578
1604559285.00575
1604559285.5052
1604559285.90553
1604559286.40522
1604559286.90521
1604559287.50525
1604559287.90549
1604559288.30527
1604559288.80525
1604559289.40582
1604559290.20541
1604559290.70537
1604559291.20548
1604559291.60558
1604559292.00549
1604559292.40602
1604559293.00593
1604559293.40532
1604559293.70514
1604559294.10543
1604559294.4052
1604559294.80546
1604559295.10556
1604559295.40539
1604559295.80647
1604559296.10554
1604559296.30554
1604559296.60534
1604559296.80556
1604559297.00552
1604559297.20531
1604559297.40532
1604559297.60542
1604559297.80555
1604559298.10524
1604559298.30518
1604559298.50557
1604559298.80529
1604559299.00552
1604559299.20537
1604559299.40562
1604559299.60554
1604559299.90529
1604559300.10526
1604559300.30587
1604559300.50572
1604559300.80606
1604559301.00702
1604559301.30569
1604559301.50598
1604559301.80594
1604559302.00615
1604559302.2059
1604559302.40592
1604559302.60585
1604559302.80599
1604559303.10574
1604559303.30575
1604559303.50605
1604559303.80572
1604559304.00595
1604559304.30602
1604559304.6059
1604559304.90595
1604559305.10573
1604559305.40592
1604559305.70613
1604559306.10593
1604559306.4059
1604559306.80588
1604559307.10618
1604559307.40611
1604559307.60623
1604559307.90624
1604559308.2054
1604559308.50518
1604559308.80547
1604559309.10532
1604559309.40573
1604559309.80618
1604559310.10674
1604559310.30584
1604559310.60585
1604559310.90592
1604559311.10567
1604559311.40543
1604559311.60581
1604559311.9056
1604559312.20539
1604559312.50532
1604559312.80522
1604559313.10522
1604559313.40614
1604559313.70611
1604559313.90602
1604559314.20582
1604559314.40622
1604559314.70573
1604559315.00586
1604559315.30592
1604559315.50609
1604559315.80588
1604559316.10573
1604559316.40544
1604559316.70556
1604559316.90553
1604559317.10545
1604559317.40547
1604559317.70559
1604559318.00549
1604559318.20599
1604559318.40602
1604559318.60581
1604559318.90644
1604559319.10546
1604559319.40594
1604559319.60578
1604559319.80577
1604559320.00613
1604559320.20551
1604559320.50546
1604559320.70555
1604559320.90536
1604559321.20617
1604559321.40593
1604559321.70593
1604559322.00605
1604559322.20593
1604559322.6058
1604559323.00589
1604559323.40545
1604559323.7058
1604559324.00556
1604559324.20578
1604559324.50576
1604559324.70607
1604559325.00583
1604559325.30583
1604559325.50627
1604559325.80605
1604559326.00628
1604559326.20631
1604559326.40613
1604559326.60611
1604559326.90634
1604559327.10577
1604559327.30545
1604559327.90556
1604559328.10525
1604559328.30591
1604559328.50591
1604559328.70591
1604559328.90611
1604559329.10539
1604559329.30587
1604559329.5061
1604559329.70615
1604559329.90615
1604559330.10625
1604559330.40593
1604559330.60593
1604559330.80593
1604559331.00585
1604559331.2156
1604559331.40552
1604559331.70528
1604559331.90558
1604559332.10573
1604559332.40563
1604559332.60544
1604559332.90538
1604559333.40562
1604559333.80577
1604559334.10579
1604559334.60545
1604559335.10584
1604559335.40585
1604559335.90601
1604559336.30584
1604559336.80631
1604559337.20572
1604559337.6054
1604559338.00546
1604559338.20585
1604559338.40588
1604559338.60585
1604559338.81587
1604559339.00604
1604559339.20604
1604559339.40596
1604559339.60582
1604559339.80599
1604559340.10573
1604559340.30541
1604559340.50536
1604559340.70574
1604559340.9055
1604559341.10581
1604559341.30585
1604559341.50587
1604559341.70584
1604559341.90555
1604559342.10575
1604559342.30546
1604559342.50581
1604559342.70558
1604559342.90545
1604559343.10553
1604559343.30553
1604559343.50535
1604559343.7053
1604559343.90561
1604559344.10557
1604559344.30566
1604559344.50577
1604559344.70577
1604559344.90571
1604559345.10557
1604559345.30574
1604559345.50546
1604559345.70572
1604559345.90582
1604559346.10564
1604559346.30581
1604559346.50619
1604559346.70589
1604559346.90589
1604559347.10572
1604559347.40565
1604559347.61557
1604559348.00541
1604559348.40541
1604559348.60583
1604559348.80559
1604559349.00574
1604559349.2156
1604559349.40561
1604559349.60557
1604559349.80585
1604559350.00569
1604559350.20591
1604559350.40564
1604559350.6055
1604559350.80584
1604559351.00588
1604559351.20591
1604559351.4059
1604559351.60622
1604559351.80616
1604559352.00625
1604559352.20621
1604559352.40618
1604559352.60619
1604559352.80605
1604559353.00606
1604559353.20586
1604559353.40569
1604559353.60576
1604559353.80571
1604559354.00585
1604559354.20556
1604559354.40589
1604559354.60586
1604559354.81543
1604559355.00571
1604559355.20571
1604559355.40577
1604559355.60572
1604559355.80571
1604559356.00568
1604559356.20583
1604559356.40564
1604559356.6158
1604559356.80547
1604559357.00585
1604559357.20553
1604559357.40557
1604559357.6059
1604559357.80547
1604559358.00565
1604559358.20582
1604559358.40561
1604559358.60565
1604559358.80572
1604559359.00592
1604559359.20544
1604559359.40545
1604559359.60545
1604559359.80572
1604559360.00557
1604559360.20588
1604559360.4055
1604559360.60547
1604559360.8056
1604559361.00551
1604559361.20551
1604559361.40613
1604559361.60586
1604559361.80568
1604559362.00589
1604559362.20631
1604559362.40605
1604559362.60605
1604559362.80617
1604559363.00634
1604559363.20543
1604559363.60558
1604559364.00581
1604559364.40579
1604559364.8059
1604559365.20579
1604559365.40592
1604559365.60576
1604559365.80597
1604559366.00579
1604559366.20567
1604559366.40576
1604559366.60567
1604559366.80562
1604559367.00627
1604559367.2063
1604559367.40638
1604559367.60628
1604559367.806
1604559368.00615
1604559368.20602
1604559368.40599
1604559368.60629
1604559368.80603
1604559369.00611
1604559369.20575
1604559369.6057
1604559370.00596
1604559370.40594
1604559370.80603
1604559371.20606
1604559371.60604
1604559372.00602
1604559372.40605
1604559373.00635
1604559373.60638
1604559374.11614
1604559374.5062
1604559375.0064
1604559375.40561
1604559375.9056
1604559376.30617
1604559376.70591
1604559377.10595
1604559377.50558
1604559377.90607
1604559378.20601
1604559378.7061
1604559379.10589
1604559379.40549
1604559379.80591
1604559380.20633
1604559380.50644
1604559381.00614
1604559381.50617
1604559381.90607
1604559382.20603
1604559382.50639
1604559382.70603
1604559382.9062
1604559383.20639
1604559383.40639
1604559383.60629
1604559383.90623
1604559384.20644
1604559384.4063
1604559384.70624
1604559385.00619
1604559385.40635
1604559385.70691
1604559386.00608
1604559386.50621
1604559386.9063
1604559387.20638
1604559387.71603
1604559388.20636
1604559388.70596
1604559389.10605
1604559389.60645
1604559390.20599
1604559390.90561
1604559391.80575
1604559400.10581
1604559401.20638
1604559401.90653
1604559402.50605
1604559403.00603
1604559403.80609
1604559404.50648
1604559404.80627
1604559405.10649
1604559405.40611
1604559405.70588
1604559406.20629
1604559406.70609
1604559407.40622
1604559407.706
1604559408.2058
1604559408.50596
1604559409.20574
1604559409.60607
1604559409.80612
1604559410.50576
1604559410.80601
1604559411.50567
1604559411.80568
1604559412.10588
1604559412.70575
1604559413.4062
1604559413.80587
1604559414.10612
1604559414.30589
1604559414.60587
1604559414.9059
1604559415.6072
1604559415.90613
1604559416.30617
1604559416.60618
1604559416.80628
1604559417.1061
1604559417.40616
1604559417.60595
1604559417.90605
1604559418.20636
1604559418.50655
1604559418.70624
1604559419.0161
1604559419.3062
1604559419.6061
1604559419.90611
1604559420.20637
1604559420.40702
1604559420.70642
1604559421.00615
1604559421.40623
1604559421.70589
1604559422.10594
1604559422.40596
1604559422.70613
1604559423.00596
1604559423.40575
1604559423.70588
1604559424.10624
1604559424.40632
1604559424.80633
1604559425.2059
1604559425.60592
1604559426.00611
1604559426.40595
1604559426.80604
1604559427.20617
1604559427.50575
1604559427.80613
1604559428.20613
1604559428.50625
1604559428.80617
1604559429.20599
1604559429.70586
1604559430.30606
1604559430.80594
1604559431.3058
1604559431.70622
1604559432.10593
1604559432.40611
1604559432.8159
1604559433.30603
1604559433.80596
1604559434.20658
1604559434.70667
1604559435.20666
1604559435.60617
1604559436.10602
1604559436.50587
1604559437.10635
1604559437.60577
1604559437.90585
1604559438.30667
1604559438.70632
1604559439.10649
1604559439.50664
1604559439.80619
1604559440.31671
1604559440.70671
1604559441.10627
1604559441.51595
1604559441.9059
1604559442.2059
1604559442.70622
1604559443.21667
1604559443.5065
1604559444.00651
1604559444.40654
1604559444.90678
1604559445.20615
1604559445.70592
1604559446.2066
1604559446.60668
1604559447.10585
1604559447.70613
1604559448.20631
1604559448.80637
1604559449.30662
1604559449.70669
1604559450.10603
1604559450.50583
1604559450.80611
1604559451.40665
1604559451.80644
1604559452.20666
1604559452.50648
1604559452.8064
1604559453.21651
1604559453.50674
1604559453.90675
1604559454.10584
1604559454.50643
1604559454.80665
1604559455.20666
1604559455.50671
1604559455.80691
1604559456.20662
1604559456.50663
1604559456.80665
1604559457.10662
1604559457.506
1604559457.80586
1604559458.20661
1604559458.50641
1604559459.00665
1604559459.50667
1604559459.91641
1604559460.3069
1604559460.60654
1604559460.90675
1604559461.60654
1604559461.90653
1604559462.40644
1604559462.70673
1604559463.3069
1604559463.60682
1604559464.00698
1604559464.40772
1604559465.00643
1604559465.60663
1604559466.20681
1604559467.20648
1604559467.70653
1604559468.10661
1604559468.40668
1604559468.90658
1604559469.30636
1604559469.70602
1604559470.20639
1604559470.606
1604559471.00606
1604559471.70643
1604559472.30633
1604559472.90622
1604559473.50611
1604559474.20607
1604559474.90707
1604559475.80657
1604559476.90658
1604559478.0069
1604559479.2063
1604559480.20632
1604559481.00594
1604559481.70683
1604559482.20696
1604559482.70662
1604559483.50647
1604559484.10633
1604559484.50617
1604559485.40602
1604559486.10685
1604559486.60656
1604559487.00676
1604559487.40707
1604559487.70647
1604559488.20635
1604559488.50634
1604559489.10608
1604559489.50619
1604559489.9066
1604559490.30606
1604559491.0062
1604559491.50675
1604559491.80696
1604559492.20705
1604559492.50704
1604559493.00676
1604559493.50634
1604559493.9062
1604559494.20628
1604559494.5063
1604559495.00606
1604559495.50662
1604559496.0065
1604559496.30661
1604559496.80647
1604559497.40631
1604559497.9061
1604559498.30696
1604559498.7072
1604559499.00688
1604559499.40698
1604559499.80651
1604559500.10636
1604559500.70691
1604559501.30644
1604559501.70631
1604559502.1063
1604559502.50656
1604559503.00631
1604559503.50659
1604559503.80659
1604559504.2068
1604559504.60695
1604559505.00663
1604559505.50632
1604559506.0063
1604559506.50679
1604559506.8067
1604559507.20658
1604559507.5063
1604559507.90655
1604559508.30652
1604559508.60654
1604559508.90613
1604559509.20608
1604559509.50646
1604559509.80631
1604559510.10658
1604559510.50715
1604559510.70687
1604559511.0067
1604559511.20652
1604559511.50641
1604559511.70658
1604559511.90657
1604559512.10658
1604559512.41623
1604559512.60653
1604559512.80626
1604559513.0065
1604559513.20775
1604559513.40614
1604559513.60661
1604559513.80622
1604559514.00652
1604559514.20655
1604559514.41631
1604559514.60651
1604559514.80634
1604559515.00629
1604559515.20713
1604559515.40682
1604559515.60716
1604559515.80683
1604559516.00687
1604559516.40769
1604559516.70664
1604559517.10628
1604559517.4065
1604559517.60648
1604559517.80625
1604559518.00624
1604559518.20708
1604559518.40693
1604559518.60694
1604559518.80694
1604559519.01691
1604559519.20699
1604559519.40658
1604559519.61675
1604559519.8069
1604559520.10647
1604559520.50662
1604559520.70676
1604559521.20677
1604559521.90716
1604559522.10697
1604559522.40705
1604559522.60674
1604559522.90721
1604559523.30666
1604559523.50639
1604559524.0062
1604559524.20645
1604559524.50659
1604559524.80624
1604559525.30705
1604559525.50713
1604559526.10682
1604559526.30682
1604559526.70677
1604559526.90677
1604559527.20711
1604559527.50702
1604559527.80667
1604559528.00711
1604559528.40616
1604559528.70632
1604559529.00633
1604559529.20658
1604559529.50635
1604559529.71666
1604559530.00624
1604559530.20665
1604559530.40664
1604559530.70629
1604559530.90651
1604559531.20651
1604559531.40653
1604559531.70636
1604559531.90658
1604559532.20679
1604559532.40674
1604559532.60676
1604559532.80681
1604559533.00714
1604559533.20705
1604559533.50686
1604559533.70734
1604559533.90686
1604559534.10635
1604559534.30644
1604559534.60643
1604559534.80657
1604559535.00638
1604559535.20676
1604559535.40696
1604559535.60696
1604559535.80667
1604559536.00697
1604559536.2072
1604559536.40711
1604559536.60705
1604559536.80718
1604559537.00706
1604559537.20689
1604559537.40721
1604559537.60709
1604559537.80721
1604559538.0072
1604559538.3069
1604559538.50686
1604559538.7069
1604559538.90732
1604559539.10646
1604559539.30658
1604559539.50628
1604559539.70679
1604559539.9062
1604559540.10649
1604559540.30699
1604559540.507
1604559540.70681
1604559540.90712
1604559541.20687
1604559541.40701
1604559541.60698
1604559541.80718
1604559542.01677
1604559542.20728
1604559542.40729
1604559542.60692
1604559542.80692
1604559543.00716
1604559543.20734
1604559543.4071
1604559543.60727
1604559543.80704
1604559544.00673
1604559544.20682
1604559544.40682
1604559544.6069
1604559544.80718
1604559545.00719
1604559545.20723
1604559545.50706
1604559545.70703
1604559545.90703
1604559546.1169
1604559546.30705
1604559546.50695
1604559546.7069
1604559546.90702
1604559547.10657
1604559547.30652
1604559547.5063
1604559547.70665
1604559547.9066
1604559548.10658
1604559548.30632
1604559548.50634
1604559548.70633
1604559548.90653
1604559549.10643
1604559549.30711
1604559549.50692
1604559549.7069
1604559549.9071
1604559550.1065
1604559550.30733
1604559550.50723
1604559550.70708
1604559550.90699
1604559551.10707
1604559551.30652
1604559551.50633
1604559551.70667
1604559551.90631
1604559552.10659
1604559552.31713
1604559552.80682
1604559553.30701
1604559553.60699
1604559553.807
1604559554.10734
1604559554.30696
1604559554.70696
1604559555.00741
1604559555.20737
1604559555.70683
1604559556.0069
1604559556.30672
1604559556.60665
1604559556.90677
1604559557.20686
1604559557.50715
1604559557.80746
1604559558.00737
1604559558.30674
1604559558.50679
1604559558.81664
1604559559.00658
1604559559.30655
1604559559.50661
1604559559.7064
1604559559.90676
1604559560.20668
1604559560.40658
1604559560.60686
1604559560.80673
1604559561.00663
1604559561.20731
1604559561.40732
1604559561.70696
1604559561.90693
1604559562.11709
1604559562.30734
1604559562.6071
1604559562.80716
1604559563.00715
1604559563.20746
1604559563.40693
1604559563.60717
1604559563.80725
1604559564.10666
1604559564.30636
1604559564.60684
1604559564.80651
1604559565.10674
1604559565.30674
1604559565.50643
1604559565.80686
1604559566.0065
1604559566.20741
1604559566.50706
1604559566.70711
1604559566.90733
1604559567.10721
1604559567.30687
1604559567.50685
1604559567.80694
1604559568.00701
1604559568.30709
1604559568.50698
1604559568.70704
1604559568.90737
1604559569.20668
1604559569.40651
1604559569.70655
1604559569.90673
1604559570.2065
1604559570.40691
1604559570.60666
1604559570.80666
1604559571.00639
1604559571.20658
1604559571.50646
1604559571.70683
1604559571.90662
1604559572.10644
1604559572.3064
1604559572.60657
1604559572.80661
1604559573.00658
1604559573.20652
1604559573.50676
1604559573.70685
1604559574.00657
1604559574.20728
1604559574.40713
1604559574.60744
1604559574.80815
1604559575.10646
1604559575.30639
1604559575.50647
1604559575.70658
1604559576.00661
1604559576.20658
1604559576.40662
1604559576.60647
1604559576.90674
1604559577.10655
1604559577.30699
1604559577.60704
1604559577.9071
1604559578.20751
1604559578.50737
1604559578.70738
1604559579.00698
1604559579.20698
1604559579.50738
1604559579.70706
1604559579.90735
1604559580.20703
1604559580.40696
1604559580.60713
1604559580.80745
1604559581.50687
1604559581.80655
1604559582.10671
1604559582.80706
1604559583.40692
1604559583.71678
1604559584.20691
1604559585.30758
1604559585.60721
1604559585.90733
1604559586.40749
1604559586.70737
1604559587.2065
1604559587.5067
1604559588.1069
1604559588.40757
1604559588.60721
1604559589.20746
1604559589.50742
1604559590.00758
1604559590.20719
1604559590.70726
1604559590.9073
1604559591.20675
1604559591.50647
1604559591.80669
1604559592.10652
1604559592.40798
1604559592.70667
1604559593.30683
1604559593.60661
1604559593.90665
1604559594.60733
1604559594.90862
1604559595.70831
1604559596.0073
1604559596.30655
1604559596.90687
1604559597.50656
1604559597.80692
1604559598.00689
1604559598.60688
1604559599.20683
1604559599.60758
1604559599.80658
1604559600.50675
1604559600.90658
1604559601.50717
1604559601.90717
1604559602.10686
1604559602.80662
1604559603.50738
1604559603.80714
1604559604.20754
1604559604.9072
1604559605.60705
1604559606.00689
1604559606.30714
1604559606.90752
1604559607.70707
1604559608.10726
1604559608.40747
1604559608.7071
1604559609.40746
1604559609.90728
1604559610.20711
1604559610.50738
1604559611.20753
1604559611.60755
1604559611.80751
1604559612.40714
1604559612.80752
1604559613.51699
1604559613.90707
1604559614.30654
1604559614.70669
1604559615.20704
1604559615.60661
1604559616.00683
1604559616.30729
1604559616.60736
1604559617.00746
1604559617.30769
1604559618.00725
1604559618.407
1604559619.30718
1604559619.80762
1604559620.10746
1604559620.50757
1604559620.80728
1604559621.20687
1604559621.60683
1604559622.00665
1604559622.60679
1604559623.00677
1604559623.30662
1604559624.40676
1604559625.00716
1604559625.30688
1604559626.40674
1604559627.00663
1604559627.50754
1604559627.70754
1604559628.41671
1604559628.70678
1604559630.00683
1604559630.50699
1604559630.90699
1604559631.70724
1604559632.20732
1604559632.40786
1604559633.00755
1604559633.40743
1604559633.70764
1604559634.40664
1604559634.90688
1604559635.50705
1604559636.10711
1604559636.40837
1604559636.60727
1604559637.40706
1604559637.80667
1604559638.10764
1604559638.80696
1604559639.80746
1604559640.20741
1604559640.50763
1604559641.00741
1604559641.40727
1604559641.80678
1604559642.10672
1604559642.70704
1604559643.40699
1604559644.00725
1604559644.40697
1604559645.2075
1604559645.90772
1604559646.30715
1604559647.10718
1604559647.50733
1604559648.2069
1604559648.60716
1604559649.10692
1604559649.40778
1604559649.90728
1604559650.40724
1604559651.3072
1604559652.1069
1604559652.50728
1604559653.40728
1604559654.10699
1604559654.60718
1604559655.00697
1604559655.40752
1604559655.80735
1604559656.30755
1604559657.10788
1604559657.50786
1604559657.80747
1604559658.20742
1604559658.60741
1604559659.00758
1604559659.40698
1604559659.70699
1604559660.00712
1604559660.30714
1604559660.70688
1604559661.10738
1604559661.50746
1604559661.90732
1604559662.20761
1604559662.60775
1604559662.90756
1604559663.80709
1604559664.20714
1604559664.50739
1604559664.80696
1604559665.20692
1604559665.50717
1604559666.00711
1604559666.30757
1604559666.6075
1604559666.90753
1604559667.7073
1604559668.2077
1604559668.60747
1604559669.00776
1604559669.30777
1604559669.70756
1604559670.20731
1604559670.60693
1604559670.90728
1604559671.50767
1604559672.00768
1604559672.30701
1604559673.10726
1604559673.70758
1604559674.10707
1604559674.40708
1604559674.80764
1604559675.20749
1604559675.60758
1604559676.10718
1604559676.50724
1604559676.90721
1604559677.20729
1604559677.60686
1604559678.00742
1604559678.30734
1604559678.70733
1604559679.40726
1604559679.90747
1604559680.30713
1604559681.30698
1604559681.9069
1604559682.2071
1604559682.5074
1604559683.5071
1604559683.90705
1604559684.30787
1604559685.30759
1604559685.80753
1604559686.30754
1604559687.40753
1604559688.20756
1604559688.80756
1604559689.90759
1604559690.60748
1604559691.10748
1604559691.50752
1604559691.90762
1604559692.31694
1604559692.70721
1604559693.10696
1604559693.40702
1604559693.9071
1604559694.30745
1604559695.30774
1604559695.90793
1604559696.31832
1604559697.10719
1604559697.70768
1604559698.10706
1604559698.40754
1604559698.70756
1604559699.0077
1604559699.20726
1604559699.51727
1604559699.70821
1604559700.00726
1604559700.20746
1604559700.51735
1604559700.70743
1604559701.00711
1604559701.20726
1604559701.50753
1604559701.80721
1604559702.10749
1604559702.40705
1604559702.70709
1604559702.90745
1604559703.10714
1604559703.30723
1604559703.60745
1604559703.80747
1604559704.00711
1604559704.20728
1604559704.4082
1604559704.60724
1604559704.90714
1604559705.10711
1604559705.30733
1604559705.50713
1604559705.8071
1604559706.10706
1604559706.3078
1604559706.50782
1604559706.70766
1604559707.4078
1604559707.70798
1604559707.90794
1604559708.10742
1604559708.3073
1604559708.60696
1604559708.90704
1604559709.10705
1604559709.40792
1604559709.6079
1604559709.90784
1604559710.2076
1604559710.40774
1604559710.70761
1604559711.00804
1604559711.4076
1604559711.70718
1604559712.00747
1604559712.20779
1604559712.50806
1604559712.80797
1604559713.10754
1604559713.40729
1604559713.70717
1604559714.1073
1604559714.40714
1604559714.70738
1604559715.10721
1604559715.40725
1604559715.80726
1604559716.20733
1604559716.70742
1604559717.20724
1604559717.50735
1604559717.80737
1604559718.20803
1604559718.50768
1604559718.808
1604559719.20771
1604559719.61776
1604559719.90781
1604559720.30815
1604559720.60792
1604559721.0081
1604559721.40806
1604559721.80792
1604559722.20788
1604559722.60766
1604559723.00781
1604559723.5081
1604559723.90792
1604559724.20794
1604559724.60773
1604559724.90793
1604559725.30775
1604559725.60782
1604559726.00797
1604559726.40782
1604559726.81779
1604559727.10795
1604559727.40785
1604559727.70815
1604559728.0082
1604559728.30796
1604559728.6081
1604559728.90788
1604559729.21757
1604559729.4074
1604559729.70744
1604559730.0072
1604559730.30764
1604559730.5075
1604559730.81717
1604559731.1075
1604559731.40807
1604559731.70841
1604559732.00796
1604559732.20716
1604559732.51734
1604559732.70737
1604559733.00756
1604559733.20749
1604559733.50741
1604559733.80773
1604559734.00722
1604559734.30822
1604559734.50774
1604559734.90811
1604559735.10743
1604559735.40802
1604559735.70817
1604559736.00793
1604559736.20789
1604559736.5077
1604559736.70783
1604559736.90773
1604559737.10729
1604559737.30715
1604559737.6073
1604559737.90767
1604559738.10763
1604559738.30955
1604559738.50797
1604559738.80784
1604559739.00783
1604559739.2077
1604559739.40744
1604559739.70774
1604559739.90726
1604559740.20722
1604559740.50729
1604559740.70752
1604559741.0076
1604559741.30768
1604559741.60754
1604559742.00768
1604559742.20818
1604559742.50782
1604559742.9078
1604559743.20782
1604559743.60949
1604559743.90791
1604559744.30781
1604559744.70768
1604559745.00809
1604559745.40776
1604559745.90789
1604559746.40804
1604559747.10757
1604559747.80722
1604559748.40806
1604559749.00816
1604559749.60727
1604559750.20821
1604559750.80806
1604559751.50778
1604559752.10732
1604559752.80752
1604559753.40761
1604559754.00742
1604559754.50741
1604559755.10738
1604559755.61753
1604559756.20725
1604559756.80752
1604559757.21796
1604559757.70793
1604559758.10819
1604559758.40819
1604559758.70801
1604559758.90798
1604559759.30824
1604559759.70845
1604559760.00807
1604559760.30819
1604559760.5078
1604559760.80825
1604559761.1079
1604559761.30809
1604559761.50822
1604559761.7082
1604559761.90822
1604559762.10753
1604559762.30824
1604559762.50816
1604559763.10774
1604559763.30773
1604559763.5073
1604559763.70761
1604559763.90765
1604559764.10749
1604559764.30819
1604559764.50808
1604559764.70811
1604559764.90783
1604559765.11781
1604559765.30766
1604559765.50756
1604559765.70777
1604559765.90757
1604559766.1081
1604559766.30834
1604559766.50831
1604559766.70835
1604559766.90797
1604559767.10791
1604559767.3181
1604559768.00801
1604559768.40825
1604559768.60836
1604559769.40749
1604559769.80748
1604559770.10789
1604559770.70812
1604559771.50821
1604559771.90817
1604559772.10817
1604559772.60814
1604559773.00803
1604559773.30744
1604559773.90782
1604559774.40812
