1744315621.62014
1744315622.11902
1744315622.91682
1744315624.51587
1744315624.91843
1744315625.21887
1744315625.61817
1744315625.91744
1744315626.21758
1744315626.51935
1744315626.81802
1744315627.11754
1744315627.4168
1744315627.81849
1744315628.11869
1744315628.41874
1744315628.81662
1744315629.21906
1744315629.51878
1744315629.91687
1744315630.31665
1744315630.71931
1744315631.11811
1744315631.41749
1744315631.71675
1744315632.11923
1744315632.41883
1744315632.71807
1744315633.11657
1744315633.52003
1744315633.91762
1744315634.21687
1744315634.5173
1744315634.8183
1744315635.41819
1744315635.71898
1744315636.11731
1744315636.51866
1744315636.91961
1744315637.21792
1744315637.6169
1744315637.91907
1744315638.31825
1744315638.71836
1744315639.01732
1744315639.41864
1744315639.91856
1744315640.31735
1744315640.71884
1744315641.11817
1744315641.51748
1744315641.81648
1744315642.21844
1744315642.61808
1744315643.01833
1744315643.51835
1744315644.01879
1744315644.41818
1744315644.81786
1744315645.21649
1744315645.51859
1744315646.01809
1744315646.5173
1744315647.11939
1744315647.61779
1744315648.01724
1744315648.51938
1744315649.01849
1744315649.51782
1744315650.01858
1744315650.51836
1744315651.0187
1744315651.618
1744315652.11775
1744315652.51945
1744315652.91924
1744315653.4166
1744315653.91907
1744315654.31926
1744315654.81752
1744315655.31973
1744315655.81613
1744315656.41664
1744315656.91928
1744315657.31741
1744315657.81796
1744315658.41905
1744315658.91689
1744315659.41905
1744315660.01668
1744315660.51735
1744315661.01775
1744315661.51723
1744315661.91817
1744315662.41928
1744315662.91715
1744315663.41863
1744315663.71886
1744315664.31686
1744315664.81958
1744315665.31838
1744315665.61662
1744315666.11913
1744315666.41916
1744315667.01675
1744315667.51913
1744315667.81859
1744315668.31828
1744315668.71885
1744315669.21917
1744315669.61691
1744315670.01882
1744315670.51896
1744315670.81749
1744315671.31848
1744315671.81858
1744315672.31674
1744315672.81871
1744315673.31791
1744315673.81762
1744315674.31898
1744315674.91661
1744315675.91818
1744315676.71819
1744315677.71764
1744315678.81715
1744315679.91874
1744315681.11918
1744315682.31927
1744315683.3182
1744315684.31661
1744315685.11799
1744315685.91756
1744315686.71979
1744315687.41737
1744315688.21832
1744315688.91967
1744315689.61762
1744315690.4189
1744315690.81796
1744315691.31759
1744315691.8187
1744315692.41664
1744315693.21907
1744315694.21877
1744315694.71934
1744315695.11609
1744315695.61941
1744315696.41706
1744315697.51737
1744315698.21938
1744315698.51907
1744315699.41833
1744315700.31854
1744315701.41774
1744315701.91675
1744315702.41948
1744315703.01746
1744315704.01869
1744315705.21978
1744315706.4188
1744315707.62089
1744315708.31524
1744315709.31559
1744315710.11674
1744315711.01776
1744315711.9181
1744315712.91869
1744315713.71839
1744315714.61841
1744315715.31835
1744315715.71896
1744315716.11825
1744315716.61782
1744315717.01915
1744315717.51628
1744315718.01805
1744315718.31999
1744315718.71643
1744315719.21725
1744315719.71857
1744315720.21705
1744315720.81885
1744315721.6166
1744315722.31866
1744315723.11743
1744315723.91923
1744315724.8184
1744315725.51802
1744315726.01706
1744315726.41926
1744315726.91808
1744315727.31754
1744315727.71949
1744315728.01836
1744315728.4168
1744315728.8171
1744315729.21937
1744315729.61824
1744315729.91732
1744315730.41956
1744315730.8189
1744315731.31807
1744315731.71949
1744315732.11883
1744315732.61698
1744315733.12037
1744315733.61822
1744315734.21714
1744315734.71879
1744315735.21808
1744315735.71981
1744315736.21907
1744315736.71759
1744315737.31838
1744315737.91566
1744315738.41782
1744315738.9188
1744315739.41735
1744315739.81856
1744315740.41951
1744315740.91787
1744315741.3195
1744315741.81848
1744315742.21692
1744315742.71968
1744315743.11952
1744315743.61696
1744315744.11854
1744315744.61914
1744315745.11733
1744315745.51903
1744315746.11855
1744315746.61706
1744315747.11943
1744315747.71737
1744315748.21739
1744315748.91887
1744315749.5171
1744315750.21877
1744315750.91716
1744315751.71792
1744315752.21618
1744315753.01846
1744315753.61754
1744315754.21918
1744315754.81637
1744315755.31773
1744315756.01816
1744315756.51712
1744315757.11854
1744315757.91692
1744315758.91813
1744315759.62026
1744315760.51641
1744315761.21893
1744315762.11839
1744315763.21846
1744315764.31951
1744315765.31642
1744315766.41735
1744315767.41716
1744315768.51923
1744315769.61955
1744315770.31667
1744315771.51761
1744315772.31895
1744315773.21533
1744315774.01921
1744315774.8193
1744315775.41774
1744315775.91546
1744315776.41913
1744315777.01747
1744315777.71944
1744315778.11886
1744315778.51674
1744315779.01853
1744315779.51715
1744315780.01681
1744315780.61978
1744315781.21718
1744315781.7184
1744315782.31695
1744315782.81919
1744315783.21916
1744315783.71857
1744315784.2196
1744315784.61813
1744315785.21639
1744315785.5185
1744315785.91912
1744315786.31859
1744315786.7179
1744315787.01994
1744315787.41857
1744315787.91723
1744315789.01667
1744315789.41497
1744315790.11809
1744315791.01904
1744315792.7194
1744315793.51932
1744315794.7187
1744315796.11904
1744315797.11926
1744315798.01885
1744315799.21794
1744315801.81949
1744315806.01962
1744315806.51863
1744315808.31818
1744315809.11875
1744315809.51845
1744315810.2182
1744315810.71975
1744315811.11925
1744315811.61661
1744315811.91634
1744315812.41996
1744315812.91757
1744315813.21755
1744315813.51783
1744315814.0199
1744315814.51721
1744315814.81727
1744315815.21901
1744315815.51859
1744315815.91811
1744315816.32014
1744315816.71861
1744315817.11714
1744315817.51745
1744315817.91925
1744315818.31887
1744315818.71708
1744315819.11932
1744315819.61928
1744315820.01729
1744315820.41873
1744315820.81995
1744315821.1182
1744315821.51563
1744315821.91858
1744315822.31976
1744315822.71715
1744315823.11765
1744315823.51917
1744315823.91888
1744315824.31699
1744315824.71892
1744315825.11912
1744315825.51812
1744315825.91757
1744315826.32077
1744315826.71878
1744315827.11733
1744315827.5179
1744315827.91941
1744315828.31811
1744315828.71789
1744315829.1196
1744315829.51899
1744315829.91764
1744315830.31906
1744315830.71968
1744315831.11859
1744315831.51694
1744315831.91832
1744315832.31982
1744315832.71633
1744315833.11769
1744315833.5198
1744315833.91739
1744315834.31711
1744315834.71945
1744315835.12
1744315835.5169
1744315835.91724
1744315836.319
1744315836.71882
1744315837.11688
1744315837.52003
1744315837.91959
1744315838.31549
1744315838.71631
1744315839.11787
1744315839.51881
1744315839.91952
1744315840.31887
1744315840.61939
1744315841.01905
1744315841.41704
1744315841.8191
1744315842.22005
1744315842.61851
1744315842.81725
1744315843.21919
1744315843.61948
1744315844.01834
1744315844.21847
1744315844.61949
1744315845.0198
1744315845.41684
1744315845.81853
1744315846.21941
1744315846.61835
1744315847.01835
1744315847.42055
1744315847.81782
1744315848.2162
1744315848.61827
1744315849.01865
1744315849.41797
1744315849.91991
1744315850.31895
1744315850.71772
1744315851.11936
1744315851.51967
1744315851.91826
1744315852.31883
1744315852.71924
1744315853.11923
1744315853.5191
1744315853.91949
1744315854.31879
1744315854.71809
1744315855.11959
1744315855.51923
1744315855.91671
1744315856.31873
1744315856.71926
1744315857.1176
1744315857.31789
1744315857.51958
1744315857.92002
1744315858.3173
1744315858.71844
1744315859.11985
1744315859.51871
1744315859.91883
1744315860.31965
1744315860.71837
1744315860.91749
1744315861.11808
1744315861.51982
1744315861.9184
1744315862.31581
1744315862.7171
1744315863.11949
1744315863.51779
1744315863.9185
1744315864.3193
1744315864.71999
1744315865.11814
1744315865.51875
1744315865.91933
1744315866.31817
1744315866.71927
1744315867.11998
1744315867.51777
1744315867.91722
1744315868.3188
1744315868.71922
1744315869.11855
1744315869.51956
1744315869.92079
1744315870.31534
1744315870.71781
1744315871.11905
1744315871.51872
1744315871.91832
1744315872.31947
1744315872.71895
1744315873.11802
1744315873.51955
1744315873.91984
1744315874.31747
1744315874.7193
1744315875.11938
1744315875.51879
1744315875.91812
1744315876.31923
1744315876.71911
1744315877.11789
1744315877.51974
1744315877.91939
1744315878.31788
1744315878.71836
1744315879.12011
1744315879.51693
1744315879.91634
1744315880.31903
1744315880.62031
1744315881.0173
1744315881.41848
1744315881.81986
1744315882.21739
1744315882.61706
1744315883.01935
1744315883.41951
1744315883.8171
1744315884.21858
1744315884.61969
1744315884.91899
1744315885.41839
1744315885.92024
1744315886.31761
1744315886.61745
1744315886.91804
1744315887.21879
1744315887.51982
1744315887.81785
1744315888.21837
1744315888.7204
1744315889.11744
1744315889.51729
1744315889.81832
1744315890.22023
1744315890.61716
1744315891.01855
1744315891.41942
1744315891.71879
1744315892.01724
1744315892.31752
1744315892.61866
1744315892.9209
1744315893.21781
1744315893.71791
1744315894.01843
1744315894.51873
1744315895.01847
1744315895.51979
1744315895.9185
1744315896.31709
1744315896.81909
1744315897.21908
1744315897.61713
1744315898.01832
1744315898.32016
1744315898.61891
1744315899.01726
1744315899.3182
1744315899.71986
1744315900.01893
1744315900.51775
1744315900.81888
1744315901.31949
1744315901.71705
1744315902.01725
1744315902.5197
1744315902.91779
1744315903.21726
1744315903.61885
1744315903.91962
1744315904.31851
1744315904.71852
1744315905.21995
1744315905.61884
1744315905.91704
1744315906.31807
1744315906.71977
1744315907.11791
1744315907.51747
1744315907.91946
1744315908.31904
1744315908.71713
1744315909.11879
1744315909.52011
1744315909.91797
1744315910.21792
1744315910.71917
1744315911.02002
1744315911.41781
1744315911.8183
1744315912.2197
1744315912.51904
1744315912.91766
1744315913.31887
1744315913.72024
1744315914.11756
1744315914.51733
1744315914.92
1744315915.41828
1744315915.81782
1744315916.2204
1744315916.61816
1744315917.0171
1744315917.41888
1744315917.81912
1744315918.21899
1744315918.72004
1744315919.12012
1744315919.61794
1744315919.91859
1744315920.32004
1744315920.61957
1744315921.0179
1744315921.31917
1744315921.81969
1744315922.21805
1744315922.61917
1744315922.91903
1744315923.31954
1744315923.71791
1744315924.01882
1744315924.42043
1744315924.81836
1744315925.21794
1744315925.61943
1744315925.91995
1744315926.3173
1744315926.71933
1744315927.12007
1744315927.41904
1744315927.81798
1744315928.32009
1744315928.7185
1744315929.11741
1744315929.51885
1744315929.82084
1744315930.31754
1744315930.81825
1744315931.31913
1744315931.71765
1744315932.11933
1744315932.42066
1744315932.71797
1744315933.11726
1744315933.4186
1744315933.8202
1744315934.21795
1744315934.51743
1744315935.02039
1744315935.51678
1744315935.91745
1744315936.31954
1744315936.71842
1744315937.11662
1744315937.51901
1744315938.01965
1744315938.51799
1744315938.91991
1744315939.22056
1744315939.71573
1744315940.21809
1744315940.5201
1744315941.01739
1744315941.32073
1744315941.81948
1744315942.11826
1744315942.4176
1744315942.92018
1744315943.41915
1744315943.9177
1744315944.31889
1744315944.6198
1744315945.01822
1744315945.41864
1744315945.81991
1744315946.21826
1744315946.61834
1744315947.02019
1744315947.41905
1744315947.81811
1744315948.21971
1744315948.42009
1744315948.61956
1744315949.0184
1744315949.41864
1744315949.92003
1744315950.21654
1744315950.51692
1744315951.01932
1744315951.41925
1744315951.8185
1744315952.31937
1744315952.81898
1744315953.21735
1744315953.61826
1744315954.01954
1744315954.41987
1744315954.82014
1744315955.21934
1744315955.61765
1744315956.0184
1744315956.41995
1744315956.81933
1744315957.21825
1744315957.61991
1744315958.02025
1744315958.41777
1744315958.81944
1744315959.22042
1744315959.61729
1744315960.01828
1744315960.61926
1744315960.91782
1744315961.41858
1744315961.91997
1744315962.21844
1744315962.51817
1744315962.92012
1744315963.22003
1744315963.51906
1744315963.91788
1744315964.41987
1744315965.01963
1744315965.51873
1744315966.11981
1744315966.51723
1744315966.9173
1744315967.32047
1744315967.81975
1744315969.32094
1744315970.21851
1744315970.9191
1744315972.31988
1744315975.61987
1744315976.51774
1744315977.01923
1744315977.51923
1744315978.01755
1744315978.51965
1744315979.01924
1744315979.51802
1744315980.01979
1744315980.61917
1744315981.32044
1744315981.91648
1744315982.41838
1744315982.81934
1744315983.8202
1744315985.22026
1744315987.61879
1744315990.11924
1744315993.61811
1744315995.52015
1744316001.01931
1744316002.8188
1744316004.41947
1744316005.71949
1744316007.71944
1744316009.31869
1744316010.41921
1744316011.81856
1744316013.8201
1744316024.21994
1744316025.51994
1744316027.01999
1744316028.22037
1744316031.62018
1744316035.1195
1744316036.71968
1744316038.51945
1744316045.61935
1744316047.12075
1744316048.61854
1744316049.71942
1744316067.11979
1744316069.61769
1744316071.61919
1744316073.81822
1744316075.92096
1744316079.72062
1744316081.71885
1744316083.31975
1744316084.91747
1744316086.31896
1744316088.51889
1744316090.11821
1744316091.81976
1744316093.22048
1744316096.0186
